        6	2025-06-02 07:51:03	5	0	0	0
       12	2025-06-02 07:51:11	5	0	0	0
       18	2025-06-02 07:51:39	5	0	0	0
       16	2025-06-02 07:53:10	5	0	0	0
        4	2025-06-02 07:54:08	5	0	0	0
        3	2025-06-02 07:55:08	5	0	0	0
       15	2025-06-02 07:57:03	5	0	0	0
        5	2025-06-02 07:57:15	5	0	0	0
        8	2025-06-02 08:00:18	5	0	0	0
        3	2025-06-02 13:01:08	5	1	0	0
       12	2025-06-02 13:01:30	5	1	0	0
        4	2025-06-02 13:01:35	5	1	0	0
       15	2025-06-02 13:02:14	5	1	0	0
       16	2025-06-02 13:02:33	5	1	0	0
        8	2025-06-02 13:02:39	5	1	0	0
       18	2025-06-02 13:03:08	5	1	0	0
        6	2025-06-02 13:03:12	5	1	0	0
        5	2025-06-02 13:05:39	5	1	0	0
       18	2025-06-02 13:47:57	5	2	0	0
        6	2025-06-02 13:48:36	5	2	0	0
       12	2025-06-02 13:49:48	5	2	0	0
        4	2025-06-02 13:51:38	5	2	0	0
        5	2025-06-02 13:57:10	5	2	0	0
        8	2025-06-02 13:57:30	5	2	0	0
       16	2025-06-02 14:04:04	5	2	0	0
       15	2025-06-02 14:08:14	5	2	0	0
        3	2025-06-02 17:02:51	5	3	0	0
       18	2025-06-02 17:03:38	5	3	0	0
        6	2025-06-02 17:03:43	5	3	0	0
        4	2025-06-02 17:03:48	5	3	0	0
        5	2025-06-02 17:04:45	5	3	0	0
       15	2025-06-02 17:05:49	5	3	0	0
       16	2025-06-02 17:06:44	5	3	0	0
        8	2025-06-02 17:07:02	5	3	0	0
       12	2025-06-02 17:07:14	5	3	0	0
       12	2025-06-03 07:51:50	5	0	0	0
       18	2025-06-03 07:52:04	5	0	0	0
        5	2025-06-03 07:52:28	5	0	0	0
       16	2025-06-03 07:52:50	5	0	0	0
        3	2025-06-03 07:53:00	5	0	0	0
        4	2025-06-03 07:53:28	5	0	0	0
       15	2025-06-03 07:55:46	5	0	0	0
        6	2025-06-03 07:58:24	5	0	0	0
        8	2025-06-03 07:59:06	5	0	0	0
       12	2025-06-03 13:00:18	5	1	0	0
        3	2025-06-03 13:00:27	5	1	0	0
       15	2025-06-03 13:01:39	5	1	0	0
       16	2025-06-03 13:01:44	5	1	0	0
        4	2025-06-03 13:01:49	5	1	0	0
       18	2025-06-03 13:03:05	5	1	0	0
        8	2025-06-03 13:03:54	5	1	0	0
        5	2025-06-03 13:04:01	5	1	0	0
        6	2025-06-03 13:08:09	5	1	0	0
        6	2025-06-03 13:51:24	5	2	0	0
       18	2025-06-03 13:51:28	5	2	0	0
        4	2025-06-03 13:51:51	5	2	0	0
        3	2025-06-03 13:52:02	5	2	0	0
       12	2025-06-03 13:57:27	5	2	0	0
        5	2025-06-03 13:58:45	5	2	0	0
        8	2025-06-03 14:00:22	5	2	0	0
       16	2025-06-03 14:02:53	5	2	0	0
       15	2025-06-03 14:10:23	5	2	0	0
       18	2025-06-03 17:03:48	5	3	0	0
        6	2025-06-03 17:04:12	5	3	0	0
        3	2025-06-03 17:05:21	5	3	0	0
        4	2025-06-03 17:05:27	5	3	0	0
        5	2025-06-03 17:06:03	5	3	0	0
       16	2025-06-03 17:08:29	5	3	0	0
        8	2025-06-03 17:09:33	5	3	0	0
       15	2025-06-03 17:11:33	5	3	0	0
       12	2025-06-03 17:12:12	5	3	0	0
        3	2025-06-04 07:48:56	5	0	0	0
       12	2025-06-04 07:49:01	5	0	0	0
       18	2025-06-04 07:49:50	5	0	0	0
        5	2025-06-04 07:54:40	5	0	0	0
       16	2025-06-04 07:55:11	5	0	0	0
       15	2025-06-04 07:56:21	5	0	0	0
        4	2025-06-04 07:56:26	5	0	0	0
        6	2025-06-04 07:57:52	5	0	0	0
        8	2025-06-04 08:00:57	5	0	0	0
        4	2025-06-04 13:01:21	5	1	0	0
       12	2025-06-04 13:04:09	5	1	0	0
       16	2025-06-04 13:07:39	5	1	0	0
       15	2025-06-04 13:07:41	5	1	0	0
        3	2025-06-04 13:07:47	5	1	0	0
       18	2025-06-04 13:07:52	5	1	0	0
        8	2025-06-04 13:08:06	5	1	0	0
        5	2025-06-04 13:11:55	5	1	0	0
       18	2025-06-04 13:45:59	5	2	0	0
        4	2025-06-04 13:51:00	5	2	0	0
        3	2025-06-04 13:51:52	5	2	0	0
        6	2025-06-04 13:52:04	5	2	0	0
       12	2025-06-04 13:56:20	5	2	0	0
        5	2025-06-04 13:56:49	5	2	0	0
       16	2025-06-04 13:56:59	5	2	0	0
        8	2025-06-04 14:00:58	5	2	0	0
       15	2025-06-04 14:08:43	5	2	0	0
        3	2025-06-04 17:02:48	5	3	0	0
        4	2025-06-04 17:03:37	5	3	0	0
       18	2025-06-04 17:03:53	5	3	0	0
        8	2025-06-04 17:04:23	5	3	0	0
       16	2025-06-04 17:04:27	5	3	0	0
        6	2025-06-04 17:04:43	5	3	0	0
        5	2025-06-04 17:05:03	5	3	0	0
       15	2025-06-04 17:09:53	5	3	0	0
       12	2025-06-04 17:10:03	5	3	0	0
       12	2025-06-05 07:52:13	5	0	0	0
        3	2025-06-05 07:52:54	5	0	0	0
       16	2025-06-05 07:53:21	5	0	0	0
       18	2025-06-05 07:53:34	5	0	0	0
        8	2025-06-05 07:57:44	5	0	0	0
       12	2025-06-05 07:57:49	5	0	0	0
        6	2025-06-05 07:57:54	5	0	0	0
        4	2025-06-05 07:58:16	5	0	0	0
       15	2025-06-05 07:59:59	5	0	0	0
        5	2025-06-05 08:07:06	5	0	0	0
       10	2025-06-05 12:03:26	5	0	0	0
        3	2025-06-05 13:01:25	5	1	0	0
       15	2025-06-05 13:02:01	5	1	0	0
       16	2025-06-05 13:02:10	5	1	0	0
        4	2025-06-05 13:02:26	5	1	0	0
       18	2025-06-05 13:03:02	5	1	0	0
        6	2025-06-05 13:03:07	5	1	0	0
        8	2025-06-05 13:04:47	5	1	0	0
        5	2025-06-05 13:06:36	5	1	0	0
        6	2025-06-05 13:49:08	5	2	0	0
       18	2025-06-05 13:49:14	5	2	0	0
        3	2025-06-05 13:49:28	5	2	0	0
       16	2025-06-05 13:52:00	5	2	0	0
        4	2025-06-05 13:55:38	5	2	0	0
        5	2025-06-05 13:57:14	5	2	0	0
       12	2025-06-05 13:58:01	5	2	0	0
        8	2025-06-05 14:00:02	5	2	0	0
       15	2025-06-05 14:12:12	5	2	0	0
       18	2025-06-05 17:01:46	5	3	0	0
        3	2025-06-05 17:03:27	5	3	0	0
       15	2025-06-05 17:05:54	5	3	0	0
       16	2025-06-05 17:06:05	5	3	0	0
        8	2025-06-05 17:06:57	5	3	0	0
        5	2025-06-05 17:07:29	5	3	0	0
        4	2025-06-05 17:18:04	5	3	0	0
        6	2025-06-05 17:18:05	5	3	0	0
       12	2025-06-06 07:50:49	5	0	0	0
        5	2025-06-06 07:51:05	5	0	0	0
       18	2025-06-06 07:51:52	5	0	0	0
        3	2025-06-06 07:54:12	5	0	0	0
       15	2025-06-06 07:56:18	5	0	0	0
        4	2025-06-06 07:56:48	5	0	0	0
       16	2025-06-06 07:59:03	5	0	0	0
        8	2025-06-06 08:01:05	5	0	0	0
        6	2025-06-06 08:02:43	5	0	0	0
       10	2025-06-06 08:04:29	5	0	0	0
       10	2025-06-06 12:26:54	5	0	0	0
        3	2025-06-06 13:01:41	5	1	0	0
        4	2025-06-06 13:01:48	5	1	0	0
       16	2025-06-06 13:02:40	5	1	0	0
       15	2025-06-06 13:03:19	5	1	0	0
       18	2025-06-06 13:06:33	5	1	0	0
        6	2025-06-06 13:06:38	5	1	0	0
        5	2025-06-06 13:06:43	5	1	0	0
        8	2025-06-06 13:10:03	5	1	0	0
        6	2025-06-06 13:52:02	5	2	0	0
       18	2025-06-06 13:52:05	5	2	0	0
        3	2025-06-06 13:52:21	5	2	0	0
        4	2025-06-06 13:52:27	5	2	0	0
       16	2025-06-06 13:54:54	5	2	0	0
       12	2025-06-06 13:55:11	5	2	0	0
        5	2025-06-06 13:58:14	5	2	0	0
        8	2025-06-06 14:00:18	5	2	0	0
       15	2025-06-06 14:05:22	5	2	0	0
        8	2025-06-06 17:02:25	5	3	0	0
       15	2025-06-06 17:03:31	5	3	0	0
        5	2025-06-06 17:04:40	5	3	0	0
        4	2025-06-06 17:05:02	5	3	0	0
       18	2025-06-06 17:06:17	5	3	0	0
        6	2025-06-06 17:06:57	5	3	0	0
       12	2025-06-06 17:08:16	5	3	0	0
        3	2025-06-06 17:08:20	5	3	0	0
       12	2025-06-09 07:51:17	5	0	0	0
       18	2025-06-09 07:51:22	5	0	0	0
        3	2025-06-09 07:54:06	5	0	0	0
       15	2025-06-09 07:55:52	5	0	0	0
       16	2025-06-09 07:55:58	5	0	0	0
        4	2025-06-09 07:56:52	5	0	0	0
        6	2025-06-09 07:59:49	5	0	0	0
        8	2025-06-09 08:01:47	5	0	0	0
        5	2025-06-09 08:02:12	5	0	0	0
       16	2025-06-09 13:00:15	5	1	0	0
       12	2025-06-09 13:00:29	5	1	0	0
        4	2025-06-09 13:00:55	5	1	0	0
        3	2025-06-09 13:01:09	5	1	0	0
        8	2025-06-09 13:01:36	5	1	0	0
        5	2025-06-09 13:03:10	5	1	0	0
       15	2025-06-09 13:03:43	5	1	0	0
       10	2025-06-09 13:05:39	5	1	0	0
        6	2025-06-09 13:06:41	5	1	0	0
       18	2025-06-09 13:11:57	5	1	0	0
        6	2025-06-09 13:51:59	5	2	0	0
       18	2025-06-09 13:52:03	5	2	0	0
        4	2025-06-09 13:52:17	5	2	0	0
        3	2025-06-09 13:52:22	5	2	0	0
       16	2025-06-09 13:52:28	5	2	0	0
       12	2025-06-09 13:57:17	5	2	0	0
        5	2025-06-09 13:59:48	5	2	0	0
        8	2025-06-09 13:59:53	5	2	0	0
       15	2025-06-09 14:06:03	5	2	0	0
        3	2025-06-09 17:03:30	5	3	0	0
       16	2025-06-09 17:04:20	5	3	0	0
        5	2025-06-09 17:04:35	5	3	0	0
       15	2025-06-09 17:04:54	5	3	0	0
        6	2025-06-09 17:08:34	5	3	0	0
       18	2025-06-09 17:08:38	5	3	0	0
       16	2025-06-09 17:08:54	5	3	0	0
       12	2025-06-09 17:09:07	5	3	0	0
        8	2025-06-09 17:11:43	5	3	0	0
        4	2025-06-09 17:19:42	5	3	0	0
       18	2025-06-10 07:54:21	5	0	0	0
       12	2025-06-10 07:54:26	5	0	0	0
        5	2025-06-10 07:54:32	5	0	0	0
        3	2025-06-10 07:54:38	5	0	0	0
        4	2025-06-10 07:56:54	5	0	0	0
        6	2025-06-10 07:57:54	5	0	0	0
       16	2025-06-10 07:58:16	5	0	0	0
        8	2025-06-10 08:02:13	5	0	0	0
       15	2025-06-10 08:15:11	5	0	0	0
       12	2025-06-10 13:00:10	5	1	0	0
        3	2025-06-10 13:00:59	5	1	0	0
       15	2025-06-10 13:01:36	5	1	0	0
        4	2025-06-10 13:03:13	5	1	0	0
       16	2025-06-10 13:03:39	5	1	0	0
        5	2025-06-10 13:04:03	5	1	0	0
        6	2025-06-10 13:04:27	5	1	0	0
        8	2025-06-10 13:04:43	5	1	0	0
       10	2025-06-10 13:05:29	5	1	0	0
       18	2025-06-10 13:12:27	5	1	0	0
        6	2025-06-10 13:48:02	5	2	0	0
       18	2025-06-10 13:48:06	5	2	0	0
        3	2025-06-10 13:48:25	5	2	0	0
        4	2025-06-10 13:54:05	5	2	0	0
        5	2025-06-10 13:54:28	5	2	0	0
        8	2025-06-10 13:58:06	5	2	0	0
       16	2025-06-10 13:59:11	5	2	0	0
       12	2025-06-10 14:02:14	5	2	0	0
       15	2025-06-10 14:15:28	5	2	0	0
        3	2025-06-10 17:01:47	5	3	0	0
        4	2025-06-10 17:02:57	5	3	0	0
       15	2025-06-10 17:03:14	5	3	0	0
       18	2025-06-10 17:03:31	5	3	0	0
        8	2025-06-10 17:04:02	5	3	0	0
       16	2025-06-10 17:04:39	5	3	0	0
        5	2025-06-10 17:04:46	5	3	0	0
       12	2025-06-10 17:07:33	5	3	0	0
        6	2025-06-10 17:08:09	5	3	0	0
       12	2025-06-10 17:09:05	5	3	0	0
       18	2025-06-11 07:52:18	5	0	0	0
       12	2025-06-11 07:52:24	5	0	0	0
        3	2025-06-11 07:54:48	5	0	0	0
        4	2025-06-11 07:55:49	5	0	0	0
       12	2025-06-11 07:57:11	5	0	0	0
        5	2025-06-11 07:58:24	5	0	0	0
       16	2025-06-11 07:59:19	5	0	0	0
       15	2025-06-11 07:59:52	5	0	0	0
        8	2025-06-11 08:00:16	5	0	0	0
        6	2025-06-11 08:00:30	5	0	0	0
       10	2025-06-11 08:58:38	5	0	0	0
       12	2025-06-11 13:00:02	5	1	0	0
       18	2025-06-11 13:01:19	5	1	0	0
       16	2025-06-11 13:01:36	5	1	0	0
        4	2025-06-11 13:01:42	5	1	0	0
        6	2025-06-11 13:02:01	5	1	0	0
        3	2025-06-11 13:02:09	5	1	0	0
       15	2025-06-11 13:02:14	5	1	0	0
       10	2025-06-11 13:03:50	5	1	0	0
        5	2025-06-11 13:05:11	5	1	0	0
        8	2025-06-11 13:05:45	5	1	0	0
        6	2025-06-11 13:45:26	5	2	0	0
        3	2025-06-11 13:45:39	5	2	0	0
       18	2025-06-11 13:48:11	5	2	0	0
       16	2025-06-11 13:53:19	5	2	0	0
        4	2025-06-11 13:54:41	5	2	0	0
       12	2025-06-11 13:56:09	5	2	0	0
        5	2025-06-11 13:59:12	5	2	0	0
        8	2025-06-11 13:59:30	5	2	0	0
       15	2025-06-11 14:06:42	5	2	0	0
       16	2025-06-11 17:03:30	5	3	0	0
        3	2025-06-11 17:03:55	5	3	0	0
       18	2025-06-11 17:04:06	5	3	0	0
        5	2025-06-11 17:04:45	5	3	0	0
        4	2025-06-11 17:05:10	5	3	0	0
       15	2025-06-11 17:05:29	5	3	0	0
        8	2025-06-11 17:06:32	5	3	0	0
       12	2025-06-11 17:07:53	5	3	0	0
        6	2025-06-11 17:12:27	5	3	0	0
        6	2025-06-12 07:47:48	5	0	0	0
       18	2025-06-12 07:47:53	5	0	0	0
        3	2025-06-12 07:48:25	5	0	0	0
       12	2025-06-12 07:51:57	5	0	0	0
        5	2025-06-12 07:55:07	5	0	0	0
       15	2025-06-12 07:55:31	5	0	0	0
       16	2025-06-12 07:55:38	5	0	0	0
        4	2025-06-12 07:57:18	5	0	0	0
        8	2025-06-12 08:00:08	5	0	0	0
       10	2025-06-12 08:54:17	5	0	0	0
       10	2025-06-12 12:51:10	5	0	0	0
       12	2025-06-12 13:00:02	5	1	0	0
       18	2025-06-12 13:00:12	5	1	0	0
        6	2025-06-12 13:00:49	5	1	0	0
        3	2025-06-12 13:00:52	5	1	0	0
        4	2025-06-12 13:01:45	5	1	0	0
       16	2025-06-12 13:01:57	5	1	0	0
       15	2025-06-12 13:02:02	5	1	0	0
        5	2025-06-12 13:02:14	5	1	0	0
        8	2025-06-12 13:02:23	5	1	0	0
        3	2025-06-12 13:48:05	5	2	0	0
        4	2025-06-12 13:50:10	5	2	0	0
       18	2025-06-12 13:51:16	5	2	0	0
       16	2025-06-12 13:51:53	5	2	0	0
        6	2025-06-12 13:54:24	5	2	0	0
       12	2025-06-12 13:54:38	5	2	0	0
        8	2025-06-12 14:00:40	5	2	0	0
        5	2025-06-12 14:03:17	5	2	0	0
       15	2025-06-12 14:07:30	5	2	0	0
        3	2025-06-12 17:03:33	5	3	0	0
       15	2025-06-12 17:04:17	5	3	0	0
       16	2025-06-12 17:04:21	5	3	0	0
        5	2025-06-12 17:04:26	5	3	0	0
        4	2025-06-12 17:04:50	5	3	0	0
        8	2025-06-12 17:07:30	5	3	0	0
       18	2025-06-12 17:07:55	5	3	0	0
       12	2025-06-12 17:09:28	5	3	0	0
        6	2025-06-12 17:09:55	5	3	0	0
       12	2025-06-13 07:51:29	5	0	0	0
        5	2025-06-13 07:51:40	5	0	0	0
        3	2025-06-13 07:52:09	5	0	0	0
       18	2025-06-13 07:54:08	5	0	0	0
        4	2025-06-13 07:56:28	5	0	0	0
       15	2025-06-13 07:57:03	5	0	0	0
        6	2025-06-13 07:58:57	5	0	0	0
       16	2025-06-13 08:08:06	5	0	0	0
       10	2025-06-13 09:03:28	5	0	0	0
       12	2025-06-13 13:00:29	5	1	0	0
        3	2025-06-13 13:00:53	5	1	0	0
        4	2025-06-13 13:01:52	5	1	0	0
        6	2025-06-13 13:02:55	5	1	0	0
       16	2025-06-13 13:03:08	5	1	0	0
       18	2025-06-13 13:03:30	5	1	0	0
        5	2025-06-13 13:05:01	5	1	0	0
       15	2025-06-13 13:06:42	5	1	0	0
        3	2025-06-13 13:48:51	5	2	0	0
        4	2025-06-13 13:50:40	5	2	0	0
        6	2025-06-13 13:50:43	5	2	0	0
       18	2025-06-13 13:50:48	5	2	0	0
        5	2025-06-13 13:56:47	5	2	0	0
       12	2025-06-13 13:58:13	5	2	0	0
       16	2025-06-13 14:10:14	5	2	0	0
       15	2025-06-13 14:14:58	5	2	0	0
       16	2025-06-13 16:57:31	5	3	0	0
        3	2025-06-13 17:02:32	5	3	0	0
       15	2025-06-13 17:03:20	5	3	0	0
        4	2025-06-13 17:03:31	5	3	0	0
        3	2025-06-13 17:03:51	5	3	0	0
       18	2025-06-13 17:04:33	5	3	0	0
        6	2025-06-13 17:04:38	5	3	0	0
        5	2025-06-13 17:04:44	5	3	0	0
       12	2025-06-13 17:06:45	5	3	0	0
       12	2025-06-16 07:54:36	5	0	0	0
       18	2025-06-16 07:54:53	5	0	0	0
        3	2025-06-16 07:55:05	5	0	0	0
        4	2025-06-16 07:55:10	5	0	0	0
       15	2025-06-16 07:56:38	5	0	0	0
       16	2025-06-16 07:58:07	5	0	0	0
        5	2025-06-16 07:59:21	5	0	0	0
        8	2025-06-16 08:00:06	5	0	0	0
        6	2025-06-16 08:00:45	5	0	0	0
       10	2025-06-16 09:01:56	5	0	0	0
       16	2025-06-16 13:00:38	5	1	0	0
        3	2025-06-16 13:01:03	5	1	0	0
        4	2025-06-16 13:01:30	5	1	0	0
       15	2025-06-16 13:03:26	5	1	0	0
        8	2025-06-16 13:03:50	5	1	0	0
        6	2025-06-16 13:08:37	5	1	0	0
       10	2025-06-16 13:10:00	5	1	0	0
        5	2025-06-16 13:11:23	5	1	0	0
       18	2025-06-16 13:16:41	5	1	0	0
        6	2025-06-16 13:50:59	5	2	0	0
       18	2025-06-16 13:51:08	5	2	0	0
       16	2025-06-16 13:51:19	5	2	0	0
        3	2025-06-16 13:51:26	5	2	0	0
        4	2025-06-16 13:54:53	5	2	0	0
       12	2025-06-16 13:56:11	5	2	0	0
        8	2025-06-16 13:57:06	5	2	0	0
        5	2025-06-16 14:01:24	5	2	0	0
       15	2025-06-16 14:06:20	5	2	0	0
       16	2025-06-16 17:00:39	5	3	0	0
       18	2025-06-16 17:01:20	5	3	0	0
        3	2025-06-16 17:01:40	5	3	0	0
        5	2025-06-16 17:01:54	5	3	0	0
       15	2025-06-16 17:02:27	5	3	0	0
        4	2025-06-16 17:02:48	5	3	0	0
        6	2025-06-16 17:02:50	5	3	0	0
       12	2025-06-16 17:03:39	5	3	0	0
        8	2025-06-16 17:05:48	5	3	0	0
       12	2025-06-17 07:49:11	5	0	0	0
       16	2025-06-17 07:49:20	5	0	0	0
       18	2025-06-17 07:50:05	5	0	0	0
        3	2025-06-17 07:52:36	5	0	0	0
       15	2025-06-17 07:57:17	5	0	0	0
        4	2025-06-17 07:57:23	5	0	0	0
        5	2025-06-17 07:59:13	5	0	0	0
        6	2025-06-17 07:59:20	5	0	0	0
        8	2025-06-17 08:02:44	5	0	0	0
       12	2025-06-17 13:00:13	5	1	0	0
        3	2025-06-17 13:01:22	5	1	0	0
        4	2025-06-17 13:01:27	5	1	0	0
       16	2025-06-17 13:01:42	5	1	0	0
       15	2025-06-17 13:01:47	5	1	0	0
        6	2025-06-17 13:03:26	5	1	0	0
        8	2025-06-17 13:03:32	5	1	0	0
       18	2025-06-17 13:18:01	5	1	0	0
        5	2025-06-17 13:23:52	5	1	0	0
       18	2025-06-17 13:47:30	5	2	0	0
       16	2025-06-17 13:47:41	5	2	0	0
        6	2025-06-17 13:52:50	5	2	0	0
        3	2025-06-17 13:55:17	5	2	0	0
        4	2025-06-17 13:55:31	5	2	0	0
        5	2025-06-17 13:56:17	5	2	0	0
       12	2025-06-17 13:59:10	5	2	0	0
        8	2025-06-17 14:00:47	5	2	0	0
       15	2025-06-17 14:13:14	5	2	0	0
       15	2025-06-17 17:03:31	5	3	0	0
        5	2025-06-17 17:03:46	5	3	0	0
        3	2025-06-17 17:04:17	5	3	0	0
        4	2025-06-17 17:05:34	5	3	0	0
        8	2025-06-17 17:05:42	5	3	0	0
       18	2025-06-17 17:06:01	5	3	0	0
        6	2025-06-17 17:06:07	5	3	0	0
       12	2025-06-17 17:11:51	5	3	0	0
       12	2025-06-18 07:55:10	5	0	0	0
       16	2025-06-18 07:55:28	5	0	0	0
       18	2025-06-18 07:55:36	5	0	0	0
        5	2025-06-18 07:55:40	5	0	0	0
        3	2025-06-18 07:55:47	5	0	0	0
       15	2025-06-18 07:55:53	5	0	0	0
        4	2025-06-18 07:57:09	5	0	0	0
        6	2025-06-18 07:57:58	5	0	0	0
        8	2025-06-18 08:00:02	5	0	0	0
       10	2025-06-18 09:03:50	5	0	0	0
        3	2025-06-18 13:00:28	5	1	0	0
       12	2025-06-18 13:00:34	5	1	0	0
       15	2025-06-18 13:01:42	5	1	0	0
       16	2025-06-18 13:01:48	5	1	0	0
        4	2025-06-18 13:02:00	5	1	0	0
        8	2025-06-18 13:02:15	5	1	0	0
        6	2025-06-18 13:02:42	5	1	0	0
       18	2025-06-18 13:03:10	5	1	0	0
        5	2025-06-18 13:07:31	5	1	0	0
        6	2025-06-18 13:45:02	5	2	0	0
       18	2025-06-18 13:45:32	5	2	0	0
       16	2025-06-18 13:45:37	5	2	0	0
       12	2025-06-18 13:49:50	5	2	0	0
        4	2025-06-18 13:53:29	5	2	0	0
        8	2025-06-18 13:58:46	5	2	0	0
        5	2025-06-18 13:58:52	5	2	0	0
       15	2025-06-18 14:05:23	5	2	0	0
       18	2025-06-18 17:03:14	5	3	0	0
        6	2025-06-18 17:03:18	5	3	0	0
        4	2025-06-18 17:03:46	5	3	0	0
       15	2025-06-18 17:04:34	5	3	0	0
       16	2025-06-18 17:05:07	5	3	0	0
        5	2025-06-18 17:06:32	5	3	0	0
        8	2025-06-18 17:07:00	5	3	0	0
       12	2025-06-18 17:08:56	5	3	0	0
       12	2025-06-19 07:51:45	5	0	0	0
        3	2025-06-19 07:51:54	5	0	0	0
       18	2025-06-19 07:52:34	5	0	0	0
        5	2025-06-19 07:54:44	5	0	0	0
       15	2025-06-19 07:56:15	5	0	0	0
       16	2025-06-19 07:57:33	5	0	0	0
        8	2025-06-19 07:57:57	5	0	0	0
        4	2025-06-19 07:58:14	5	0	0	0
        6	2025-06-19 08:03:54	5	0	0	0
       12	2025-06-19 13:00:02	5	1	0	0
       18	2025-06-19 13:00:31	5	1	0	0
       16	2025-06-19 13:00:59	5	1	0	0
       15	2025-06-19 13:01:17	5	1	0	0
       10	2025-06-19 13:01:20	5	1	0	0
        3	2025-06-19 13:01:26	5	1	0	0
        8	2025-06-19 13:02:08	5	1	0	0
        6	2025-06-19 13:02:48	5	1	0	0
        4	2025-06-19 13:03:05	5	1	0	0
        5	2025-06-19 13:03:38	5	1	0	0
       16	2025-06-19 13:46:25	5	2	0	0
       18	2025-06-19 13:46:31	5	2	0	0
        3	2025-06-19 13:46:39	5	2	0	0
        6	2025-06-19 13:47:34	5	2	0	0
        5	2025-06-19 13:51:48	5	2	0	0
       12	2025-06-19 13:54:23	5	2	0	0
        4	2025-06-19 13:57:52	5	2	0	0
        8	2025-06-19 14:00:29	5	2	0	0
       15	2025-06-19 14:08:28	5	2	0	0
       18	2025-06-19 16:57:11	5	3	0	0
        3	2025-06-19 17:02:28	5	3	0	0
        8	2025-06-19 17:03:02	5	3	0	0
       16	2025-06-19 17:03:39	5	3	0	0
        6	2025-06-19 17:03:49	5	3	0	0
        5	2025-06-19 17:04:58	5	3	0	0
        4	2025-06-19 17:05:15	5	3	0	0
       15	2025-06-19 17:05:22	5	3	0	0
       12	2025-06-19 17:07:53	5	3	0	0
       12	2025-06-20 07:45:50	5	0	0	0
        5	2025-06-20 07:46:08	5	0	0	0
       18	2025-06-20 07:48:35	5	0	0	0
        3	2025-06-20 07:51:12	5	0	0	0
       16	2025-06-20 07:51:18	5	0	0	0
        6	2025-06-20 07:56:19	5	0	0	0
       15	2025-06-20 07:56:50	5	0	0	0
        8	2025-06-20 08:00:47	5	0	0	0
        4	2025-06-20 11:52:15	5	0	0	0
       12	2025-06-20 13:00:03	5	1	0	0
       15	2025-06-20 13:02:22	5	1	0	0
        4	2025-06-20 13:02:29	5	1	0	0
       16	2025-06-20 13:02:44	5	1	0	0
        8	2025-06-20 13:02:46	5	1	0	0
        3	2025-06-20 13:04:49	5	1	0	0
        6	2025-06-20 13:04:52	5	1	0	0
       18	2025-06-20 13:04:57	5	1	0	0
        5	2025-06-20 13:10:42	5	1	0	0
       10	2025-06-20 13:16:52	5	1	0	0
        6	2025-06-20 13:47:03	5	2	0	0
       18	2025-06-20 13:47:16	5	2	0	0
       16	2025-06-20 13:47:23	5	2	0	0
        5	2025-06-20 13:54:07	5	2	0	0
        4	2025-06-20 13:54:27	5	2	0	0
       12	2025-06-20 13:59:07	5	2	0	0
        8	2025-06-20 14:00:04	5	2	0	0
       15	2025-06-20 14:11:26	5	2	0	0
        4	2025-06-20 17:03:21	5	3	0	0
       18	2025-06-20 17:03:27	5	3	0	0
        6	2025-06-20 17:03:32	5	3	0	0
       16	2025-06-20 17:03:37	5	3	0	0
       15	2025-06-20 17:04:18	5	3	0	0
        5	2025-06-20 17:04:50	5	3	0	0
        8	2025-06-20 17:05:28	5	3	0	0
        3	2025-06-20 17:07:03	5	3	0	0
       12	2025-06-20 17:09:09	5	3	0	0
       18	2025-06-23 07:45:47	5	0	0	0
        6	2025-06-23 07:46:12	5	0	0	0
       16	2025-06-23 07:54:49	5	0	0	0
       15	2025-06-23 07:56:52	5	0	0	0
        5	2025-06-23 07:57:37	5	0	0	0
        8	2025-06-23 08:00:38	5	0	0	0
        3	2025-06-23 09:09:06	5	0	0	0
        3	2025-06-23 13:00:55	5	1	0	0
       15	2025-06-23 13:02:30	5	1	0	0
        8	2025-06-23 13:02:43	5	1	0	0
       10	2025-06-23 13:03:17	5	1	0	0
       16	2025-06-23 13:03:27	5	1	0	0
        5	2025-06-23 13:06:11	5	1	0	0
       18	2025-06-23 13:06:52	5	1	0	0
        6	2025-06-23 13:07:57	5	1	0	0
        6	2025-06-23 13:47:23	5	2	0	0
       16	2025-06-23 13:47:46	5	2	0	0
       18	2025-06-23 13:48:07	5	2	0	0
        3	2025-06-23 13:53:25	5	2	0	0
        8	2025-06-23 13:58:28	5	2	0	0
       15	2025-06-23 14:01:29	5	2	0	0
        5	2025-06-23 14:01:35	5	2	0	0
        3	2025-06-23 17:04:06	5	3	0	0
        8	2025-06-23 17:04:10	5	3	0	0
       15	2025-06-23 17:05:16	5	3	0	0
       16	2025-06-23 17:05:20	5	3	0	0
       18	2025-06-23 17:05:41	5	3	0	0
        6	2025-06-23 17:05:43	5	3	0	0
        5	2025-06-23 17:05:50	5	3	0	0
       12	2025-06-24 07:44:15	5	0	0	0
        5	2025-06-24 07:54:19	5	0	0	0
       15	2025-06-24 07:54:29	5	0	0	0
       18	2025-06-24 07:54:43	5	0	0	0
        6	2025-06-24 07:54:45	5	0	0	0
        3	2025-06-24 07:54:49	5	0	0	0
       16	2025-06-24 07:58:09	5	0	0	0
        8	2025-06-24 08:01:27	5	0	0	0
       12	2025-06-24 13:00:14	5	1	0	0
       16	2025-06-24 13:00:39	5	1	0	0
        3	2025-06-24 13:01:15	5	1	0	0
       18	2025-06-24 13:01:30	5	1	0	0
        6	2025-06-24 13:02:51	5	1	0	0
        8	2025-06-24 13:02:57	5	1	0	0
       15	2025-06-24 13:04:09	5	1	0	0
       10	2025-06-24 13:06:19	5	1	0	0
        5	2025-06-24 13:11:17	5	1	0	0
       16	2025-06-24 13:46:20	5	2	0	0
        3	2025-06-24 13:48:37	5	2	0	0
        6	2025-06-24 13:52:15	5	2	0	0
       18	2025-06-24 13:52:22	5	2	0	0
        5	2025-06-24 13:58:08	5	2	0	0
       12	2025-06-24 13:58:12	5	2	0	0
        8	2025-06-24 13:59:13	5	2	0	0
       15	2025-06-24 14:06:50	5	2	0	0
        3	2025-06-24 17:02:22	5	3	0	0
        8	2025-06-24 17:02:50	5	3	0	0
       16	2025-06-24 17:04:14	5	3	0	0
        5	2025-06-24 17:04:41	5	3	0	0
       15	2025-06-24 17:05:08	5	3	0	0
       18	2025-06-24 17:07:08	5	3	0	0
        6	2025-06-24 17:08:50	5	3	0	0
       12	2025-06-24 17:08:54	5	3	0	0
       12	2025-06-24 17:09:35	5	3	0	0
       12	2025-06-25 07:53:42	5	0	0	0
       18	2025-06-25 07:53:55	5	0	0	0
        4	2025-06-25 07:54:10	5	0	0	0
        3	2025-06-25 07:54:37	5	0	0	0
       15	2025-06-25 07:54:42	5	0	0	0
        6	2025-06-25 07:55:58	5	0	0	0
        5	2025-06-25 07:56:22	5	0	0	0
       16	2025-06-25 07:56:55	5	0	0	0
        8	2025-06-25 08:01:26	5	0	0	0
       15	2025-06-25 12:36:17	5	0	0	0
       12	2025-06-25 13:00:02	5	1	0	0
        4	2025-06-25 13:00:32	5	1	0	0
        3	2025-06-25 13:01:19	5	1	0	0
       16	2025-06-25 13:01:23	5	1	0	0
        8	2025-06-25 13:01:28	5	1	0	0
        5	2025-06-25 13:09:49	5	1	0	0
        6	2025-06-25 13:11:20	5	1	0	0
       18	2025-06-25 13:11:28	5	1	0	0
       10	2025-06-25 13:12:22	5	1	0	0
        6	2025-06-25 13:49:35	5	2	0	0
       18	2025-06-25 13:49:44	5	2	0	0
       16	2025-06-25 13:49:54	5	2	0	0
        3	2025-06-25 13:50:50	5	2	0	0
        4	2025-06-25 13:50:55	5	2	0	0
       12	2025-06-25 13:54:53	5	2	0	0
        8	2025-06-25 13:59:43	5	2	0	0
        5	2025-06-25 14:00:14	5	2	0	0
        8	2025-06-25 17:02:16	5	3	0	0
        3	2025-06-25 17:02:23	5	3	0	0
        6	2025-06-25 17:02:30	5	3	0	0
       18	2025-06-25 17:02:35	5	3	0	0
       12	2025-06-25 17:02:47	5	3	0	0
       16	2025-06-25 17:02:56	5	3	0	0
        4	2025-06-25 17:03:03	5	3	0	0
       12	2025-06-25 17:03:24	5	3	0	0
        5	2025-06-25 17:04:12	5	3	0	0
       12	2025-06-26 07:45:51	5	0	0	0
       18	2025-06-26 07:50:27	5	0	0	0
        3	2025-06-26 07:51:11	5	0	0	0
        4	2025-06-26 07:51:20	5	0	0	0
       16	2025-06-26 07:56:26	5	0	0	0
        5	2025-06-26 07:59:21	5	0	0	0
        6	2025-06-26 08:01:05	5	0	0	0
        8	2025-06-26 08:01:39	5	0	0	0
       12	2025-06-26 13:00:16	5	1	0	0
        3	2025-06-26 13:00:25	5	1	0	0
       16	2025-06-26 13:01:02	5	1	0	0
        4	2025-06-26 13:01:24	5	1	0	0
        5	2025-06-26 13:01:56	5	1	0	0
        8	2025-06-26 13:02:29	5	1	0	0
       10	2025-06-26 13:05:21	5	1	0	0
        6	2025-06-26 13:10:01	5	1	0	0
       18	2025-06-26 13:17:45	5	1	0	0
        6	2025-06-26 13:48:50	5	2	0	0
       18	2025-06-26 13:48:58	5	2	0	0
        4	2025-06-26 13:50:05	5	2	0	0
        3	2025-06-26 13:50:08	5	2	0	0
       16	2025-06-26 13:51:49	5	2	0	0
       15	2025-06-26 14:00:28	5	2	0	0
        8	2025-06-26 14:00:33	5	2	0	0
        5	2025-06-26 14:00:37	5	2	0	0
        6	2025-06-26 17:22:49	5	3	0	0
       16	2025-06-26 17:22:53	5	3	0	0
        5	2025-06-26 17:23:04	5	3	0	0
        8	2025-06-26 17:25:30	5	3	0	0
        4	2025-06-26 17:31:07	5	3	0	0
        3	2025-06-26 17:31:26	5	3	0	0
       15	2025-06-26 17:34:47	5	3	0	0
       18	2025-06-26 17:35:30	5	3	0	0
        3	2025-06-26 17:36:15	5	0	0	0
        6	2025-06-27 07:54:50	5	0	0	0
        3	2025-06-27 07:55:04	5	0	0	0
        4	2025-06-27 07:55:09	5	0	0	0
        5	2025-06-27 07:55:15	5	0	0	0
       18	2025-06-27 07:56:38	5	0	0	0
       16	2025-06-27 07:57:42	5	0	0	0
       15	2025-06-27 07:58:37	5	0	0	0
        8	2025-06-27 07:59:55	5	0	0	0
        3	2025-06-27 13:00:34	5	1	0	0
        4	2025-06-27 13:00:39	5	1	0	0
       16	2025-06-27 13:01:02	5	1	0	0
       15	2025-06-27 13:02:29	5	1	0	0
        8	2025-06-27 13:02:44	5	1	0	0
       18	2025-06-27 13:03:02	5	1	0	0
        6	2025-06-27 13:03:09	5	1	0	0
        5	2025-06-27 13:06:19	5	1	0	0
       16	2025-06-27 13:45:14	5	2	0	0
        6	2025-06-27 13:45:16	5	2	0	0
       18	2025-06-27 13:47:12	5	2	0	0
        3	2025-06-27 13:49:31	5	2	0	0
        4	2025-06-27 13:50:23	5	2	0	0
        5	2025-06-27 13:57:25	5	2	0	0
        8	2025-06-27 13:59:43	5	2	0	0
       15	2025-06-27 14:08:15	5	2	0	0
        3	2025-06-27 17:04:13	5	3	0	0
       18	2025-06-27 17:05:22	5	3	0	0
        8	2025-06-27 17:05:39	5	3	0	0
       16	2025-06-27 17:05:44	5	3	0	0
        6	2025-06-27 17:05:48	5	3	0	0
       15	2025-06-27 17:05:53	5	3	0	0
        5	2025-06-27 17:06:14	5	3	0	0
        4	2025-06-27 17:07:13	5	3	0	0
        6	2025-07-01 07:45:23	5	0	0	0
        5	2025-07-01 07:46:27	5	0	0	0
       18	2025-07-01 07:49:16	5	0	0	0
       12	2025-07-01 07:49:49	5	0	0	0
       16	2025-07-01 07:51:49	5	0	0	0
        3	2025-07-01 07:52:54	5	0	0	0
       15	2025-07-01 07:56:49	5	0	0	0
        4	2025-07-01 07:57:11	5	0	0	0
        8	2025-07-01 08:04:50	5	0	0	0
       12	2025-07-01 13:00:04	5	1	0	0
        3	2025-07-01 13:00:27	5	1	0	0
        4	2025-07-01 13:00:57	5	1	0	0
       16	2025-07-01 13:01:11	5	1	0	0
        8	2025-07-01 13:01:41	5	1	0	0
       18	2025-07-01 13:02:42	5	1	0	0
       15	2025-07-01 13:04:19	5	1	0	0
        6	2025-07-01 13:04:27	5	1	0	0
        5	2025-07-01 13:07:00	5	1	0	0
        6	2025-07-01 13:49:53	5	2	0	0
       18	2025-07-01 13:50:18	5	2	0	0
       16	2025-07-01 13:50:24	5	2	0	0
        3	2025-07-01 13:54:08	5	2	0	0
       12	2025-07-01 13:54:54	5	2	0	0
        4	2025-07-01 13:55:53	5	2	0	0
        5	2025-07-01 13:57:05	5	2	0	0
        8	2025-07-01 14:00:27	5	2	0	0
       15	2025-07-01 14:07:08	5	2	0	0
       18	2025-07-01 17:02:23	5	3	0	0
        6	2025-07-01 17:03:01	5	3	0	0
        8	2025-07-01 17:03:20	5	3	0	0
       15	2025-07-01 17:03:28	5	3	0	0
        3	2025-07-01 17:03:34	5	3	0	0
       16	2025-07-01 17:03:45	5	3	0	0
       12	2025-07-01 17:03:59	5	3	0	0
        4	2025-07-01 17:04:32	5	3	0	0
        5	2025-07-01 17:04:40	5	3	0	0
       12	2025-07-02 07:48:54	5	0	0	0
       18	2025-07-02 07:49:11	5	0	0	0
        3	2025-07-02 07:50:24	5	0	0	0
       16	2025-07-02 07:52:32	5	0	0	0
        4	2025-07-02 07:55:17	5	0	0	0
        5	2025-07-02 07:55:29	5	0	0	0
       15	2025-07-02 07:57:52	5	0	0	0
        8	2025-07-02 07:59:56	5	0	0	0
        6	2025-07-02 08:01:44	5	0	0	0
       12	2025-07-02 13:00:02	5	1	0	0
        3	2025-07-02 13:01:29	5	1	0	0
        4	2025-07-02 13:01:54	5	1	0	0
       15	2025-07-02 13:01:58	5	1	0	0
        8	2025-07-02 13:02:38	5	1	0	0
       18	2025-07-02 13:05:03	5	1	0	0
       16	2025-07-02 13:05:45	5	1	0	0
        6	2025-07-02 13:07:32	5	1	0	0
        5	2025-07-02 13:09:10	5	1	0	0
        6	2025-07-02 13:45:57	5	2	0	0
       16	2025-07-02 13:46:25	5	2	0	0
       18	2025-07-02 13:46:29	5	2	0	0
        3	2025-07-02 13:49:04	5	2	0	0
        4	2025-07-02 13:51:12	5	2	0	0
       12	2025-07-02 13:55:24	5	2	0	0
        8	2025-07-02 13:59:29	5	2	0	0
        5	2025-07-02 14:00:19	5	2	0	0
       15	2025-07-02 14:06:56	5	2	0	0
        3	2025-07-02 17:00:47	5	3	0	0
        5	2025-07-02 17:01:14	5	3	0	0
       15	2025-07-02 17:02:12	5	3	0	0
        4	2025-07-02 17:02:16	5	3	0	0
        8	2025-07-02 17:03:15	5	3	0	0
       18	2025-07-02 17:03:51	5	3	0	0
        6	2025-07-02 17:04:06	5	3	0	0
       16	2025-07-02 17:04:12	5	3	0	0
       12	2025-07-02 17:04:46	5	3	0	0
       12	2025-07-02 17:06:36	5	3	0	0
       12	2025-07-03 07:51:36	5	0	0	0
       18	2025-07-03 07:51:43	5	0	0	0
        3	2025-07-03 07:52:00	5	0	0	0
       15	2025-07-03 07:52:33	5	0	0	0
       16	2025-07-03 07:53:43	5	0	0	0
        4	2025-07-03 07:55:51	5	0	0	0
        5	2025-07-03 07:56:37	5	0	0	0
        8	2025-07-03 07:59:13	5	0	0	0
        6	2025-07-03 08:00:16	5	0	0	0
        3	2025-07-03 13:01:14	5	1	0	0
        4	2025-07-03 13:01:36	5	1	0	0
       15	2025-07-03 13:01:57	5	1	0	0
       16	2025-07-03 13:02:02	5	1	0	0
       18	2025-07-03 13:02:38	5	1	0	0
        8	2025-07-03 13:03:45	5	1	0	0
        6	2025-07-03 13:07:28	5	1	0	0
        5	2025-07-03 13:11:24	5	1	0	0
       18	2025-07-03 13:46:26	5	2	0	0
        6	2025-07-03 13:47:24	5	2	0	0
        3	2025-07-03 13:47:45	5	2	0	0
        4	2025-07-03 13:53:43	5	2	0	0
        8	2025-07-03 13:58:58	5	2	0	0
        5	2025-07-03 14:00:09	5	2	0	0
       15	2025-07-03 14:04:09	5	2	0	0
       16	2025-07-03 14:04:24	5	2	0	0
       12	2025-07-03 15:33:34	5	2	0	0
       18	2025-07-03 17:01:05	5	3	0	0
       15	2025-07-03 17:03:46	5	3	0	0
       16	2025-07-03 17:04:51	5	3	0	0
        4	2025-07-03 17:05:22	5	3	0	0
        6	2025-07-03 17:06:20	5	3	0	0
        8	2025-07-03 17:06:34	5	3	0	0
        5	2025-07-03 17:07:00	5	3	0	0
       12	2025-07-03 17:07:39	5	3	0	0
       12	2025-07-04 07:48:00	5	0	0	0
        5	2025-07-04 07:48:13	5	0	0	0
        3	2025-07-04 07:49:44	5	0	0	0
       15	2025-07-04 07:51:57	5	0	0	0
       18	2025-07-04 07:52:37	5	0	0	0
        4	2025-07-04 07:57:53	5	0	0	0
        8	2025-07-04 07:59:30	5	0	0	0
       16	2025-07-04 07:59:57	5	0	0	0
        6	2025-07-04 08:02:10	5	0	0	0
        3	2025-07-04 12:02:50	5	0	0	0
       12	2025-07-04 13:00:17	5	1	0	0
       16	2025-07-04 13:02:22	5	1	0	0
       15	2025-07-04 13:02:39	5	1	0	0
        4	2025-07-04 13:02:59	5	1	0	0
       18	2025-07-04 13:03:50	5	1	0	0
        8	2025-07-04 13:04:02	5	1	0	0
        6	2025-07-04 13:06:00	5	1	0	0
        5	2025-07-04 13:13:41	5	1	0	0
        6	2025-07-04 13:46:12	5	2	0	0
       16	2025-07-04 13:46:30	5	2	0	0
        4	2025-07-04 13:53:46	5	2	0	0
       12	2025-07-04 13:57:03	5	2	0	0
        5	2025-07-04 14:00:32	5	2	0	0
        8	2025-07-04 14:01:27	5	2	0	0
       15	2025-07-04 14:01:51	5	2	0	0
       18	2025-07-04 17:01:29	5	3	0	0
        6	2025-07-04 17:02:00	5	3	0	0
       16	2025-07-04 17:03:21	5	3	0	0
       12	2025-07-04 17:03:28	5	3	0	0
        4	2025-07-04 17:04:24	5	3	0	0
       15	2025-07-04 17:05:10	5	3	0	0
        8	2025-07-04 17:07:19	5	3	0	0
       12	2025-07-07 07:47:54	5	0	0	0
       18	2025-07-07 07:51:00	5	0	0	0
        5	2025-07-07 07:58:55	5	0	0	0
        3	2025-07-07 07:59:21	5	0	0	0
        6	2025-07-07 08:00:01	5	0	0	0
        4	2025-07-07 08:01:53	5	0	0	0
       12	2025-07-07 13:00:05	5	1	0	0
        3	2025-07-07 13:01:25	5	1	0	0
        4	2025-07-07 13:01:32	5	1	0	0
        5	2025-07-07 13:05:41	5	1	0	0
       18	2025-07-07 13:06:19	5	1	0	0
        6	2025-07-07 13:18:32	5	1	0	0
       18	2025-07-07 13:47:06	5	2	0	0
        3	2025-07-07 13:51:52	5	2	0	0
        6	2025-07-07 13:51:56	5	2	0	0
        4	2025-07-07 13:54:22	5	2	0	0
       12	2025-07-07 13:56:55	5	2	0	0
        5	2025-07-07 14:00:42	5	2	0	0
        3	2025-07-07 17:03:13	5	3	0	0
        4	2025-07-07 17:03:40	5	3	0	0
       18	2025-07-07 17:04:08	5	3	0	0
        5	2025-07-07 17:05:26	5	3	0	0
        6	2025-07-07 17:05:58	5	3	0	0
       12	2025-07-07 17:12:36	5	3	0	0
       12	2025-07-08 07:47:20	5	0	0	0
       15	2025-07-08 07:53:04	5	0	0	0
       18	2025-07-08 07:53:21	5	0	0	0
        5	2025-07-08 07:59:17	5	0	0	0
        6	2025-07-08 07:59:43	5	0	0	0
        4	2025-07-08 08:02:05	5	0	0	0
       16	2025-07-08 08:04:08	5	0	0	0
        8	2025-07-08 08:05:32	5	0	0	0
        6	2025-07-08 13:00:32	5	1	0	0
       15	2025-07-08 13:01:46	5	1	0	0
       16	2025-07-08 13:02:40	5	1	0	0
        8	2025-07-08 13:04:03	5	1	0	0
        4	2025-07-08 13:05:12	5	1	0	0
       12	2025-07-08 13:06:02	5	1	0	0
        5	2025-07-08 13:10:42	5	1	0	0
       18	2025-07-08 13:46:06	5	2	0	0
        6	2025-07-08 13:56:50	5	2	0	0
        8	2025-07-08 13:58:37	5	2	0	0
        4	2025-07-08 13:58:42	5	2	0	0
       12	2025-07-08 13:59:32	5	2	0	0
        5	2025-07-08 14:00:01	5	2	0	0
       16	2025-07-08 14:01:37	5	2	0	0
       15	2025-07-08 14:12:10	5	2	0	0
       18	2025-07-08 17:01:53	5	3	0	0
        6	2025-07-08 17:03:08	5	3	0	0
        8	2025-07-08 17:04:20	5	3	0	0
       15	2025-07-08 17:04:35	5	3	0	0
        5	2025-07-08 17:04:51	5	3	0	0
       16	2025-07-08 17:04:56	5	3	0	0
       12	2025-07-08 17:05:25	5	3	0	0
        4	2025-07-08 17:06:49	5	3	0	0
       12	2025-07-09 07:49:28	5	0	0	0
       18	2025-07-09 07:49:43	5	0	0	0
        3	2025-07-09 07:52:56	5	0	0	0
        5	2025-07-09 07:53:28	5	0	0	0
        4	2025-07-09 07:56:54	5	0	0	0
       15	2025-07-09 07:59:15	5	0	0	0
        6	2025-07-09 07:59:51	5	0	0	0
        8	2025-07-09 08:01:30	5	0	0	0
       16	2025-07-09 08:02:51	5	0	0	0
       12	2025-07-09 13:00:03	5	1	0	0
        3	2025-07-09 13:01:18	5	1	0	0
        8	2025-07-09 13:02:14	5	1	0	0
       16	2025-07-09 13:02:32	5	1	0	0
       15	2025-07-09 13:02:33	5	1	0	0
        4	2025-07-09 13:02:56	5	1	0	0
        5	2025-07-09 13:03:37	5	1	0	0
        6	2025-07-09 13:05:04	5	1	0	0
       18	2025-07-09 13:08:18	5	1	0	0
       18	2025-07-09 13:46:23	5	2	0	0
       16	2025-07-09 13:46:55	5	2	0	0
        6	2025-07-09 13:48:15	5	2	0	0
        3	2025-07-09 13:50:05	5	2	0	0
        4	2025-07-09 13:53:45	5	2	0	0
       12	2025-07-09 13:54:47	5	2	0	0
        8	2025-07-09 13:58:45	5	2	0	0
        5	2025-07-09 14:00:06	5	2	0	0
       15	2025-07-09 14:08:37	5	2	0	0
        3	2025-07-09 17:02:03	5	3	0	0
       15	2025-07-09 17:03:52	5	3	0	0
        8	2025-07-09 17:04:08	5	3	0	0
        5	2025-07-09 17:04:33	5	3	0	0
       16	2025-07-09 17:04:52	5	3	0	0
        6	2025-07-09 17:07:18	5	3	0	0
       18	2025-07-09 17:07:45	5	3	0	0
       12	2025-07-09 17:08:07	5	3	0	0
       12	2025-07-09 17:09:10	5	3	0	0
       12	2025-07-10 07:47:10	5	0	0	0
       18	2025-07-10 07:48:24	5	0	0	0
        3	2025-07-10 07:50:56	5	0	0	0
        5	2025-07-10 07:57:28	5	0	0	0
        4	2025-07-10 07:57:35	5	0	0	0
        8	2025-07-10 08:00:09	5	0	0	0
       15	2025-07-10 08:00:16	5	0	0	0
        6	2025-07-10 08:00:35	5	0	0	0
       16	2025-07-10 08:04:23	5	0	0	0
       12	2025-07-10 13:00:16	5	1	0	0
        3	2025-07-10 13:00:58	5	1	0	0
       16	2025-07-10 13:01:46	5	1	0	0
       15	2025-07-10 13:02:48	5	1	0	0
        4	2025-07-10 13:02:53	5	1	0	0
        8	2025-07-10 13:05:13	5	1	0	0
        6	2025-07-10 13:05:18	5	1	0	0
        5	2025-07-10 13:10:53	5	1	0	0
       18	2025-07-10 13:17:23	5	1	0	0
       18	2025-07-10 13:46:44	5	2	0	0
        6	2025-07-10 13:47:57	5	2	0	0
        3	2025-07-10 13:48:17	5	2	0	0
       16	2025-07-10 13:50:08	5	2	0	0
       12	2025-07-10 13:53:12	5	2	0	0
        4	2025-07-10 13:54:09	5	2	0	0
        8	2025-07-10 13:59:54	5	2	0	0
        5	2025-07-10 14:00:26	5	2	0	0
       15	2025-07-10 14:05:18	5	2	0	0
        3	2025-07-10 17:02:22	5	3	0	0
       18	2025-07-10 17:02:28	5	3	0	0
        8	2025-07-10 17:03:19	5	3	0	0
       16	2025-07-10 17:03:30	5	3	0	0
        5	2025-07-10 17:04:23	5	3	0	0
       15	2025-07-10 17:04:37	5	3	0	0
        4	2025-07-10 17:04:49	5	3	0	0
        6	2025-07-10 17:06:19	5	3	0	0
       12	2025-07-10 17:08:00	5	3	0	0
       12	2025-07-11 07:47:39	5	0	0	0
        5	2025-07-11 07:48:19	5	0	0	0
        3	2025-07-11 07:49:40	5	0	0	0
       18	2025-07-11 07:54:22	5	0	0	0
       16	2025-07-11 07:55:36	5	0	0	0
        4	2025-07-11 07:57:20	5	0	0	0
       15	2025-07-11 07:59:41	5	0	0	0
        6	2025-07-11 08:04:40	5	0	0	0
        8	2025-07-11 08:05:06	5	0	0	0
       12	2025-07-11 13:00:16	5	1	0	0
        3	2025-07-11 13:00:23	5	1	0	0
       18	2025-07-11 13:00:30	5	1	0	0
       16	2025-07-11 13:01:31	5	1	0	0
        4	2025-07-11 13:01:35	5	1	0	0
        6	2025-07-11 13:02:28	5	1	0	0
        8	2025-07-11 13:03:01	5	1	0	0
       15	2025-07-11 13:03:53	5	1	0	0
        5	2025-07-11 13:05:32	5	1	0	0
       18	2025-07-11 13:45:25	5	2	0	0
       16	2025-07-11 13:46:12	5	2	0	0
        6	2025-07-11 13:47:26	5	2	0	0
        4	2025-07-11 13:48:56	5	2	0	0
        3	2025-07-11 13:49:03	5	2	0	0
        5	2025-07-11 13:51:56	5	2	0	0
        8	2025-07-11 13:57:35	5	2	0	0
       12	2025-07-11 13:58:46	5	2	0	0
       15	2025-07-11 14:07:19	5	2	0	0
        3	2025-07-11 17:08:52	5	3	0	0
        5	2025-07-11 17:10:52	5	3	0	0
        4	2025-07-11 17:10:57	5	3	0	0
       18	2025-07-11 17:12:29	5	3	0	0
        6	2025-07-11 17:13:37	5	3	0	0
       16	2025-07-11 17:15:21	5	3	0	0
       12	2025-07-11 17:17:12	5	3	0	0
       12	2025-07-11 17:24:11	5	3	0	0
        8	2025-07-11 17:24:23	5	3	0	0
       15	2025-07-11 17:27:59	5	3	0	0
       18	2025-07-14 07:44:04	5	0	0	0
        5	2025-07-14 07:49:12	5	0	0	0
        3	2025-07-14 07:50:44	5	0	0	0
        6	2025-07-14 07:52:13	5	0	0	0
       12	2025-07-14 07:52:49	5	0	0	0
        4	2025-07-14 07:55:19	5	0	0	0
        8	2025-07-14 07:57:47	5	0	0	0
       16	2025-07-14 07:59:21	5	0	0	0
        3	2025-07-14 13:00:27	5	1	0	0
       12	2025-07-14 13:00:55	5	1	0	0
       16	2025-07-14 13:01:23	5	1	0	0
       18	2025-07-14 13:01:34	5	1	0	0
       18	2025-07-14 13:01:35	5	1	0	0
        4	2025-07-14 13:02:40	5	1	0	0
        8	2025-07-14 13:03:30	5	1	0	0
        6	2025-07-14 13:05:09	5	1	0	0
        5	2025-07-14 13:22:12	5	1	0	0
        6	2025-07-14 13:46:01	5	2	0	0
       18	2025-07-14 13:46:22	5	2	0	0
       16	2025-07-14 13:48:32	5	2	0	0
        3	2025-07-14 13:53:44	5	2	0	0
        4	2025-07-14 13:54:25	5	2	0	0
       12	2025-07-14 13:57:05	5	2	0	0
        8	2025-07-14 13:59:26	5	2	0	0
        5	2025-07-14 14:00:12	5	2	0	0
        3	2025-07-14 17:03:37	5	3	0	0
        8	2025-07-14 17:05:05	5	3	0	0
        4	2025-07-14 17:05:19	5	3	0	0
       16	2025-07-14 17:07:38	5	3	0	0
        5	2025-07-14 17:07:58	5	3	0	0
       18	2025-07-14 17:08:07	5	3	0	0
        6	2025-07-14 17:10:48	5	3	0	0
       12	2025-07-14 17:11:08	5	3	0	0
        6	2025-07-15 07:45:31	5	0	0	0
        5	2025-07-15 07:46:02	5	0	0	0
       16	2025-07-15 07:47:33	5	0	0	0
       12	2025-07-15 07:47:48	5	0	0	0
        3	2025-07-15 07:50:33	5	0	0	0
       18	2025-07-15 07:55:23	5	0	0	0
        4	2025-07-15 07:56:33	5	0	0	0
        8	2025-07-15 08:07:19	5	0	0	0
       18	2025-07-15 17:02:39	5	3	0	0
        6	2025-07-15 17:03:28	5	3	0	0
        3	2025-07-15 17:03:32	5	3	0	0
       12	2025-07-15 17:04:15	5	3	0	0
       16	2025-07-15 17:04:37	5	3	0	0
        8	2025-07-15 17:04:39	5	3	0	0
        5	2025-07-15 17:04:46	5	3	0	0
        4	2025-07-15 17:04:51	5	3	0	0
       18	2025-07-16 07:51:42	5	0	0	0
       12	2025-07-16 07:51:46	5	0	0	0
        3	2025-07-16 07:51:53	5	0	0	0
        4	2025-07-16 07:52:03	5	0	0	0
        6	2025-07-16 07:52:33	5	0	0	0
        8	2025-07-16 07:58:25	5	0	0	0
       16	2025-07-16 08:01:56	5	0	0	0
        5	2025-07-16 08:02:27	5	0	0	0
        5	2025-07-16 13:00:43	5	1	0	0
       12	2025-07-16 13:00:47	5	1	0	0
        3	2025-07-16 13:00:53	5	1	0	0
       16	2025-07-16 13:01:06	5	1	0	0
        4	2025-07-16 13:01:42	5	1	0	0
       18	2025-07-16 13:03:29	5	1	0	0
        8	2025-07-16 13:03:37	5	1	0	0
        6	2025-07-16 13:08:19	5	1	0	0
       18	2025-07-16 13:45:39	5	2	0	0
        3	2025-07-16 13:47:45	5	2	0	0
        6	2025-07-16 13:48:37	5	2	0	0
        4	2025-07-16 13:51:18	5	2	0	0
       16	2025-07-16 13:53:20	5	2	0	0
        5	2025-07-16 14:00:17	5	2	0	0
        8	2025-07-16 14:00:35	5	2	0	0
       12	2025-07-16 14:00:40	5	2	0	0
        6	2025-07-16 17:01:33	5	3	0	0
       18	2025-07-16 17:02:29	5	3	0	0
        4	2025-07-16 17:03:04	5	3	0	0
        3	2025-07-16 17:03:22	5	3	0	0
       16	2025-07-16 17:03:49	5	3	0	0
        5	2025-07-16 17:05:55	5	3	0	0
        8	2025-07-16 17:07:03	5	3	0	0
       12	2025-07-16 17:09:09	5	3	0	0
       12	2025-07-17 07:49:55	5	0	0	0
       12	2025-07-17 07:50:30	5	0	0	0
       18	2025-07-17 07:51:18	5	0	0	0
        3	2025-07-17 07:51:49	5	0	0	0
        4	2025-07-17 07:53:29	5	0	0	0
        5	2025-07-17 07:58:28	5	0	0	0
        8	2025-07-17 07:58:51	5	0	0	0
        6	2025-07-17 07:59:55	5	0	0	0
       16	2025-07-17 08:02:26	5	0	0	0
       12	2025-07-17 13:00:12	5	1	0	0
        4	2025-07-17 13:00:48	5	1	0	0
        3	2025-07-17 13:01:06	5	1	0	0
       16	2025-07-17 13:02:28	5	1	0	0
        6	2025-07-17 13:03:14	5	1	0	0
        8	2025-07-17 13:03:30	5	1	0	0
       18	2025-07-17 13:03:48	5	1	0	0
        5	2025-07-17 13:12:05	5	1	0	0
        4	2025-07-17 13:47:49	5	2	0	0
        3	2025-07-17 13:47:56	5	2	0	0
       18	2025-07-17 13:48:10	5	2	0	0
       16	2025-07-17 13:52:09	5	2	0	0
       12	2025-07-17 13:54:12	5	2	0	0
        6	2025-07-17 13:57:21	5	2	0	0
        8	2025-07-17 13:59:13	5	2	0	0
        5	2025-07-17 14:01:49	5	2	0	0
       18	2025-07-17 17:01:26	5	3	0	0
        3	2025-07-17 17:03:05	5	3	0	0
       16	2025-07-17 17:03:46	5	3	0	0
        4	2025-07-17 17:04:10	5	3	0	0
        5	2025-07-17 17:04:33	5	3	0	0
        8	2025-07-17 17:05:02	5	3	0	0
        6	2025-07-17 17:05:39	5	3	0	0
       12	2025-07-17 17:08:23	5	3	0	0
        6	2025-07-18 07:49:36	5	0	0	0
       18	2025-07-18 07:49:44	5	0	0	0
        4	2025-07-18 07:49:50	5	0	0	0
        5	2025-07-18 07:50:12	5	0	0	0
       12	2025-07-18 07:50:47	5	0	0	0
       16	2025-07-18 07:53:55	5	0	0	0
        3	2025-07-18 07:54:31	5	0	0	0
        8	2025-07-18 08:05:40	5	0	0	0
        3	2025-07-18 13:02:12	5	1	0	0
       12	2025-07-18 13:02:20	5	1	0	0
        5	2025-07-18 13:03:14	5	1	0	0
       18	2025-07-18 13:03:50	5	1	0	0
        4	2025-07-18 13:05:13	5	1	0	0
       16	2025-07-18 13:06:14	5	1	0	0
        8	2025-07-18 13:07:03	5	1	0	0
        6	2025-07-18 13:09:21	5	1	0	0
       16	2025-07-18 13:46:01	5	2	0	0
       18	2025-07-18 13:46:04	5	2	0	0
        8	2025-07-18 13:46:09	5	2	0	0
        6	2025-07-18 13:47:02	5	2	0	0
       12	2025-07-18 13:53:46	5	2	0	0
        4	2025-07-18 13:54:56	5	2	0	0
        5	2025-07-18 14:00:18	5	2	0	0
        3	2025-07-18 14:01:04	5	2	0	0
        6	2025-07-18 17:01:44	5	3	0	0
        4	2025-07-18 17:02:46	5	3	0	0
        4	2025-07-18 17:03:34	5	3	0	0
        3	2025-07-18 17:04:00	5	3	0	0
       18	2025-07-18 17:04:11	5	3	0	0
       16	2025-07-18 17:06:10	5	3	0	0
        5	2025-07-18 17:06:15	5	3	0	0
        8	2025-07-18 17:07:36	5	3	0	0
       12	2025-07-18 17:07:44	5	3	0	0
       12	2025-07-18 17:09:34	5	3	0	0
        3	2025-07-21 07:52:20	5	0	0	0
        6	2025-07-21 07:52:40	5	0	0	0
       12	2025-07-21 07:53:50	5	0	0	0
       18	2025-07-21 07:54:40	5	0	0	0
        5	2025-07-21 07:55:53	5	0	0	0
       16	2025-07-21 07:58:54	5	0	0	0
        8	2025-07-21 08:00:16	5	0	0	0
        4	2025-07-21 09:06:42	5	0	0	0
       12	2025-07-21 13:00:19	5	1	0	0
        3	2025-07-21 13:00:26	5	1	0	0
        4	2025-07-21 13:00:44	5	1	0	0
       16	2025-07-21 13:00:56	5	1	0	0
        8	2025-07-21 13:01:30	5	1	0	0
        5	2025-07-21 13:02:03	5	1	0	0
       18	2025-07-21 13:03:11	5	1	0	0
        6	2025-07-21 13:03:16	5	1	0	0
        4	2025-07-21 13:46:31	5	2	0	0
        3	2025-07-21 13:46:50	5	2	0	0
        6	2025-07-21 13:47:00	5	2	0	0
       18	2025-07-21 13:47:49	5	2	0	0
       16	2025-07-21 13:49:33	5	2	0	0
        5	2025-07-21 13:54:39	5	2	0	0
        8	2025-07-21 14:02:03	5	2	0	0
       12	2025-07-21 14:04:57	5	2	0	0
       18	2025-07-21 17:01:25	5	3	0	0
       16	2025-07-21 17:01:54	5	3	0	0
        3	2025-07-21 17:02:15	5	3	0	0
        5	2025-07-21 17:02:23	5	3	0	0
        8	2025-07-21 17:02:35	5	3	0	0
        6	2025-07-21 17:03:26	5	3	0	0
       12	2025-07-21 17:03:36	5	3	0	0
        4	2025-07-21 17:04:02	5	3	0	0
       12	2025-07-21 17:05:27	5	3	0	0
        6	2025-07-22 07:45:51	5	0	0	0
        5	2025-07-22 07:46:42	5	0	0	0
        3	2025-07-22 07:49:28	5	0	0	0
       12	2025-07-22 07:49:31	5	0	0	0
        4	2025-07-22 07:49:45	5	0	0	0
       18	2025-07-22 07:51:37	5	0	0	0
       16	2025-07-22 07:56:46	5	0	0	0
        8	2025-07-22 07:58:19	5	0	0	0
        3	2025-07-22 13:00:13	5	1	0	0
       12	2025-07-22 13:00:34	5	1	0	0
       16	2025-07-22 13:01:38	5	1	0	0
        5	2025-07-22 13:02:16	5	1	0	0
        8	2025-07-22 13:02:52	5	1	0	0
       18	2025-07-22 13:05:08	5	1	0	0
        6	2025-07-22 13:05:19	5	1	0	0
        6	2025-07-22 13:47:02	5	2	0	0
       18	2025-07-22 13:47:12	5	2	0	0
        3	2025-07-22 13:47:29	5	2	0	0
       16	2025-07-22 13:50:40	5	2	0	0
        4	2025-07-22 13:52:36	5	2	0	0
        5	2025-07-22 13:54:10	5	2	0	0
       12	2025-07-22 13:55:21	5	2	0	0
        8	2025-07-22 13:57:17	5	2	0	0
        3	2025-07-22 17:03:17	5	3	0	0
       18	2025-07-22 17:03:44	5	3	0	0
        8	2025-07-22 17:04:39	5	3	0	0
        6	2025-07-22 17:04:55	5	3	0	0
        5	2025-07-22 17:05:04	5	3	0	0
       12	2025-07-22 17:06:04	5	3	0	0
       16	2025-07-22 17:06:29	5	3	0	0
       12	2025-07-22 17:06:35	5	3	0	0
        4	2025-07-22 17:07:06	5	3	0	0
       12	2025-07-22 17:07:45	5	3	0	0
       12	2025-07-23 07:48:56	5	0	0	0
        6	2025-07-23 07:49:21	5	0	0	0
        3	2025-07-23 07:49:26	5	0	0	0
        4	2025-07-23 07:49:51	5	0	0	0
       18	2025-07-23 07:52:34	5	0	0	0
        5	2025-07-23 07:59:27	5	0	0	0
        8	2025-07-23 07:59:31	5	0	0	0
       16	2025-07-23 08:01:02	5	0	0	0
        4	2025-07-23 13:00:03	5	1	0	0
       12	2025-07-23 13:00:27	5	1	0	0
       16	2025-07-23 13:00:59	5	1	0	0
        5	2025-07-23 13:02:01	5	1	0	0
        3	2025-07-23 13:02:07	5	1	0	0
        8	2025-07-23 13:03:26	5	1	0	0
       18	2025-07-23 13:03:41	5	1	0	0
        6	2025-07-23 13:04:46	5	1	0	0
        6	2025-07-23 13:45:39	5	2	0	0
       18	2025-07-23 13:45:48	5	2	0	0
        5	2025-07-23 13:48:51	5	2	0	0
        4	2025-07-23 13:49:41	5	2	0	0
       16	2025-07-23 13:53:39	5	2	0	0
        8	2025-07-23 13:56:40	5	2	0	0
       12	2025-07-23 13:58:06	5	2	0	0
        3	2025-07-23 15:29:07	5	2	0	0
        4	2025-07-23 17:02:40	5	3	0	0
        8	2025-07-23 17:03:16	5	3	0	0
        3	2025-07-23 17:03:24	5	3	0	0
       16	2025-07-23 17:03:28	5	3	0	0
       18	2025-07-23 17:03:51	5	3	0	0
        5	2025-07-23 17:04:19	5	3	0	0
        6	2025-07-23 17:05:33	5	3	0	0
       12	2025-07-23 17:06:51	5	3	0	0
       12	2025-07-24 07:51:40	5	0	0	0
       18	2025-07-24 07:51:50	5	0	0	0
        4	2025-07-24 07:51:55	5	0	0	0
        3	2025-07-24 07:52:04	5	0	0	0
        5	2025-07-24 07:53:47	5	0	0	0
        6	2025-07-24 07:57:47	5	0	0	0
       16	2025-07-24 07:58:31	5	0	0	0
        8	2025-07-24 08:02:13	5	0	0	0
       12	2025-07-24 13:00:22	5	1	0	0
        3	2025-07-24 13:01:00	5	1	0	0
        4	2025-07-24 13:01:27	5	1	0	0
       16	2025-07-24 13:01:51	5	1	0	0
        6	2025-07-24 13:03:13	5	1	0	0
        8	2025-07-24 13:03:47	5	1	0	0
       18	2025-07-24 13:04:05	5	1	0	0
        5	2025-07-24 13:04:55	5	1	0	0
        6	2025-07-24 13:45:44	5	2	0	0
       18	2025-07-24 13:45:54	5	2	0	0
        3	2025-07-24 13:46:10	5	2	0	0
        4	2025-07-24 13:48:55	5	2	0	0
       16	2025-07-24 13:50:21	5	2	0	0
        5	2025-07-24 13:51:23	5	2	0	0
        8	2025-07-24 13:58:02	5	2	0	0
        3	2025-07-24 17:03:01	5	3	0	0
        4	2025-07-24 17:03:06	5	3	0	0
       16	2025-07-24 17:03:26	5	3	0	0
       18	2025-07-24 17:03:33	5	3	0	0
        8	2025-07-24 17:04:02	5	3	0	0
        5	2025-07-24 17:04:07	5	3	0	0
       12	2025-07-24 17:08:22	5	3	0	0
        6	2025-07-24 17:09:32	5	3	0	0
       12	2025-07-25 07:48:03	5	0	0	0
        3	2025-07-25 07:48:19	5	0	0	0
        5	2025-07-25 07:48:45	5	0	0	0
        4	2025-07-25 07:52:50	5	0	0	0
       18	2025-07-25 07:54:54	5	0	0	0
        6	2025-07-25 08:01:03	5	0	0	0
        8	2025-07-25 08:02:11	5	0	0	0
       16	2025-07-25 08:05:00	5	0	0	0
        4	2025-07-25 13:00:23	5	1	0	0
        3	2025-07-25 13:00:43	5	1	0	0
       16	2025-07-25 13:01:00	5	1	0	0
       12	2025-07-25 13:01:12	5	1	0	0
        8	2025-07-25 13:01:37	5	1	0	0
       18	2025-07-25 13:04:09	5	1	0	0
        5	2025-07-25 13:06:25	5	1	0	0
        6	2025-07-25 13:06:56	5	1	0	0
       18	2025-07-25 13:45:18	5	2	0	0
        6	2025-07-25 13:46:02	5	2	0	0
        3	2025-07-25 13:46:09	5	2	0	0
       16	2025-07-25 13:51:16	5	2	0	0
        4	2025-07-25 13:53:38	5	2	0	0
        5	2025-07-25 13:55:03	5	2	0	0
       12	2025-07-25 13:55:13	5	2	0	0
        8	2025-07-25 14:02:06	5	2	0	0
        3	2025-07-25 17:03:02	5	3	0	0
        4	2025-07-25 17:03:46	5	3	0	0
       18	2025-07-25 17:03:50	5	3	0	0
        5	2025-07-25 17:04:11	5	3	0	0
        8	2025-07-25 17:04:17	5	3	0	0
       16	2025-07-25 17:04:43	5	3	0	0
        6	2025-07-25 17:04:56	5	3	0	0
       12	2025-07-25 17:08:03	5	3	0	0
        6	2025-07-28 07:47:24	5	0	0	0
        5	2025-07-28 07:47:34	5	0	0	0
       18	2025-07-28 07:47:50	5	0	0	0
       12	2025-07-28 07:50:22	5	0	0	0
        3	2025-07-28 07:54:28	5	0	0	0
        4	2025-07-28 07:58:35	5	0	0	0
        8	2025-07-28 08:00:56	5	0	0	0
       16	2025-07-28 08:02:01	5	0	0	0
       12	2025-07-28 13:00:11	5	1	0	0
        3	2025-07-28 13:00:24	5	1	0	0
        8	2025-07-28 13:01:11	5	1	0	0
       16	2025-07-28 13:01:17	5	1	0	0
        5	2025-07-28 13:02:17	5	1	0	0
        4	2025-07-28 13:02:42	5	1	0	0
        6	2025-07-28 13:06:21	5	1	0	0
       18	2025-07-28 13:08:50	5	1	0	0
        3	2025-07-28 13:45:50	5	2	0	0
       18	2025-07-28 13:45:58	5	2	0	0
        6	2025-07-28 13:51:16	5	2	0	0
       16	2025-07-28 13:55:05	5	2	0	0
        4	2025-07-28 13:55:27	5	2	0	0
        5	2025-07-28 13:56:14	5	2	0	0
       12	2025-07-28 13:57:43	5	2	0	0
        8	2025-07-28 14:01:15	5	2	0	0
        8	2025-07-28 17:03:06	5	3	0	0
        3	2025-07-28 17:03:45	5	3	0	0
       18	2025-07-28 17:04:36	5	3	0	0
        4	2025-07-28 17:04:47	5	3	0	0
        5	2025-07-28 17:05:25	5	3	0	0
       16	2025-07-28 17:06:11	5	3	0	0
        6	2025-07-28 17:07:57	5	3	0	0
       12	2025-07-28 17:08:14	5	3	0	0
       12	2025-07-29 07:49:51	5	0	0	0
       18	2025-07-29 07:50:01	5	0	0	0
        5	2025-07-29 07:50:15	5	0	0	0
        3	2025-07-29 07:50:22	5	0	0	0
       16	2025-07-29 07:54:43	5	0	0	0
        6	2025-07-29 07:58:28	5	0	0	0
        8	2025-07-29 08:02:15	5	0	0	0
        4	2025-07-29 09:59:44	5	0	0	0
       12	2025-07-29 13:00:02	5	1	0	0
        4	2025-07-29 13:00:19	5	1	0	0
       16	2025-07-29 13:00:31	5	1	0	0
        3	2025-07-29 13:00:44	5	1	0	0
        8	2025-07-29 13:02:35	5	1	0	0
       18	2025-07-29 13:05:20	5	1	0	0
        5	2025-07-29 13:05:26	5	1	0	0
        6	2025-07-29 13:08:08	5	1	0	0
       16	2025-07-29 13:45:39	5	2	0	0
        6	2025-07-29 13:45:41	5	2	0	0
       18	2025-07-29 13:45:56	5	2	0	0
        4	2025-07-29 13:48:06	5	2	0	0
        3	2025-07-29 13:48:18	5	2	0	0
        5	2025-07-29 13:52:45	5	2	0	0
       12	2025-07-29 13:54:08	5	0	0	0
        8	2025-07-29 14:00:25	5	2	0	0
        6	2025-07-29 17:00:09	5	3	0	0
       18	2025-07-29 17:02:17	5	3	0	0
        3	2025-07-29 17:02:58	5	3	0	0
       16	2025-07-29 17:03:17	5	3	0	0
        4	2025-07-29 17:03:35	5	3	0	0
        5	2025-07-29 17:04:28	5	3	0	0
        8	2025-07-29 17:04:49	5	3	0	0
       12	2025-07-29 17:07:48	5	3	0	0
       12	2025-07-30 07:52:19	5	0	0	0
       18	2025-07-30 07:52:32	5	0	0	0
        3	2025-07-30 07:52:41	5	0	0	0
        4	2025-07-30 07:54:48	5	0	0	0
        6	2025-07-30 07:55:34	5	0	0	0
        5	2025-07-30 07:55:51	5	0	0	0
       16	2025-07-30 07:57:40	5	0	0	0
        8	2025-07-30 08:04:59	5	0	0	0
       12	2025-07-30 13:00:08	5	1	0	0
        4	2025-07-30 13:00:38	5	1	0	0
        5	2025-07-30 13:01:55	5	1	0	0
       18	2025-07-30 13:02:08	5	1	0	0
        6	2025-07-30 13:02:29	5	1	0	0
        8	2025-07-30 13:03:28	5	1	0	0
       16	2025-07-30 13:03:36	5	1	0	0
       18	2025-07-30 13:45:51	5	2	0	0
       16	2025-07-30 13:46:03	5	2	0	0
        6	2025-07-30 13:46:09	5	2	0	0
       12	2025-07-30 13:50:49	5	2	0	0
        4	2025-07-30 13:54:30	5	2	0	0
        8	2025-07-30 14:01:45	5	2	0	0
        5	2025-07-30 14:07:56	5	2	0	0
        3	2025-07-30 15:15:49	5	2	0	0
